             -0.996 0.691;
             -0.9937 0.6601;
             -0.987 0.6421;
             -0.9825 0.6241;
             -0.9802 0.5993;
             -0.978 0.5735;
             -0.9746 0.5488;
          
             -0.9746 0.5049;
             -0.9735 0.4835;
             -0.9724 0.4667;
             -0.9656 0.4431;
             -0.9634 0.4262;
             -0.96 0.4082;
       
             -0.9555 0.3632;
             -0.951 0.343;
             -0.9409 0.3239;
             -0.924 0.3048;
             -0.9195 0.2856;
            
             -0.9012 0.2317;
             -0.9 0.2;
             -0.8726 0.171;
             -0.8608 0.1339;
             -0.8321 0.1018;

             -0.7866 0.0428;
             -0.768 0.0141;
             -0.7495 -0.0061;
             -0.7157 -0.0348;
             -0.6854 -0.0626;
             -0.6499 -0.0854;
             -0.6221 -0.1183;
             -0.601 -0.1411;
             -0.565 -0.1671;
             -0.515 -0.2031;
             -0.425 -0.2651;
             -0.3689 -0.2971;
             -0.3289 -0.3091;
             -0.2749 -0.3171;
             -0.2249 -0.3211;
             -0.1809 -0.3211;
             -0.1049 -0.3391;
             -0.0169 -0.3271;
             0.0451 -0.3291;
             0.1191 -0.3151;
             0.2031 -0.2891;
             0.3011 -0.2751;
             0.3671 -0.2511;
             0.4441 -0.2121;
             0.5021 -0.1741;
             0.5361 -0.1481;
             0.5841 -0.1061;
             0.6361 -0.0601;
             0.6861 -0.0121;
             0.7489 0.0635;
             0.8037 0.1474;
             0.855 0.2627;
             0.8995 0.3369;
             0.9312 0.4321;
             0.9557 0.5076;
             0.9821 0.5964;
             1.0161 0.6908;
             1.0218 0.7569;
             1.0294 0.8702;
             1.0539 0.9458;
             1.0577 1.0307;
             1.0426 1.1308;
             1.0388 1.2101;
             1.1756 1.3971;
             1.2652 1.6592;
             1.3411 1.9971;
             1.3135 2.1833;
             1.1904 2.4274;
             1.0942 2.5812;
             1.0014 2.6594;
             0.9086 2.7424;
             0.8548 2.7961;
             0.7864 2.8401;
             0.7278 2.8987;
             0.6546 2.9378;
             0.5715 3.0257;
             0.4836 3.0697;
             0.4054 3.0843;
             0.2931 3.0892;
             0.1905 3.0892;
             0.1075 3.0794;
             0.0195 3.0746;
             -0.1172 3.0501;
             -0.2491 3.0111;
             -0.3712 2.972;
             -0.4103 2.8743;
             -0.6 2.8;
             -0.6692 2.7717;
             -0.7034 2.7005;
             -0.7261 2.638;
             -0.7432 2.5529;
             -0.7772 2.4989;
             -0.8397 2.4648;
             -0.8652 2.391;
             -0.8908 2.2803;
             -0.939 2.2065;
             -0.9618 2.1128;
             -0.9736 2.0463;
             -0.9984 1.9675;
             -1.0007 1.8549;
             -0.9962 1.7445;
             -0.9793 1.6589;
             -1.0 1.6;
             -0.9737 1.5277;
             -0.9774 1.4616;
             -0.8892 1.5608;
             -0.7717 1.6746;
             -0.6579 1.7003;
             -0.6366 1.7416;
             -0.5991 1.7704;
             -0.5253 1.7829;
             -0.4478 1.7804;
             -0.3865 1.7754;
             -0.3277 1.7791;
             -0.2589 1.7691;
             -0.2139 1.7541;
             -0.1739 1.7254;
             -0.1388 1.6916;
             -0.1176 1.6666;
             -0.0851 1.6228;
             -0.0863 1.5965;
             -0.1263 1.5978;
             -0.1764 1.6128;
             -0.2439 1.6291;
             -0.3177 1.6503;
             -0.4303 1.6703;
             -0.5103 1.6778;
             -0.5803 1.6803;
             -0.6154 1.6803;
             -0.6616 1.6803;
             -0.6241 1.7191;
             -0.5616 1.7204;
             -0.5041 1.7216;
             -0.434 1.7128;
             -0.3702 1.7078;
             -0.3152 1.6903;
             -0.2677 1.6803;
             -0.2264 1.6678;
             -0.2014 1.6528;
             -0.1237 1.532;
             -0.072 1.5062;
             -0.0087 1.5205;
             0.1293 1.5148;
             0.205 1.5282;
             0.2931 1.6033;
             0.3005 1.6689;
             0.3115 1.7159;
             0.3553 1.7237;
             0.4383 1.7268;
             0.5134 1.7268;
             0.6 1.7;
             0.6809 1.6892;
             0.7326 1.672;
             0.7733 1.6595;
             0.8218 1.6345;
             0.8672 1.6031;
             0.8875 1.5656;
             0.9016 1.528;
             0.9126 1.4951;
             0.9016 1.467;
             0.8328 1.5155;
             0.7388 1.5405;
             0.6653 1.5515;
             0.6011 1.564;
             0.4821 1.564;
             0.36 1.5656;
             0.3647 1.6642;
             0.3913 1.6673;
             0.432 1.672;
             0.4743 1.6752;
             0.5306 1.6798;
             0.5823 1.6845;
             0.6261 1.6845;
             0.9095 1.6298;
             0.9329 1.6141;
             0.9627 1.5938;
             0.9846 1.5844;
             1.0002 1.5562;
             1.0 1.5;
             1.0206 1.4357;
             1.0222 1.384;
             1.0175 1.3402;
             1.0143 1.2995;
             1.0065 1.2416;
             0.9862 1.1915;
             0.9721 1.1461;
             0.9517 1.1085;
             0.9142 1.0741;
             0.8719 1.0318;
             0.8 1.0;
             0.758 0.9575;
             0.67 0.9504;
             0.5784 0.9469;
             0.4868 0.9469;
             0.4 1.0;
             0.3319 1.0138;
             0.2931 1.0737;
             0.2473 1.1758;
             0.2185 1.2221;
             0.205 1.2529;
             0.1915 1.3222;
             0.1819 1.3876;
             0.1838 1.48;
             0.1569 1.4376;
             0.1473 1.3684;
             0.1453 1.3222;
             0.1415 1.2548;
             0.1453 1.2067;
             0.1492 1.1413;
             0.1607 1.0874;
             0.1761 1.0354;
             0.2011 0.9873;
             0.2339 0.9527;
             0.2454 0.9238;
             0.2608 0.8776;
             0.2569 0.8122;
             0.2204 0.7622;
             0.1357 0.7449;
             0.0453 0.7468;
             0.0087 0.7506;
             -0.0356 0.7583;
             -0.0356 0.6544;
             -0.0413 0.614;
             -0.0413 0.5428;
             -0.0144 0.5062;
             0.051 0.4947;
             0.1088 0.4793;
             0.1954 0.4639;
             0.2646 0.4427;
             0.3012 0.4139;
             0.333 0.3561;
             0.2906 0.3234;
             0.2367 0.3196;
             0.2 0.3;
             0.1 0.3;
             0.0154 0.2965;
             -0.0846 0.2965;
             -0.1558 0.3003;
             -0.2386 0.3119;
             -0.279 0.3196;
             -0.3463 0.3484;
             -0.4175 0.3985;
             -0.4464 0.435;
             -0.5 0.5;
             -0.4 0.5;
             -0.2367 0.5255;
             -0.1385 0.5159;
             -0.1 0.5;
             -0.0635 0.4928;
             -0.0454 0.7092;
             -0.0421 0.8106;
             -0.0895 0.8056;
             -0.1718 0.8056;
             -0.2516 0.7981;
             -0.3015 0.8231;
             -0.309 0.8779;
             -0.3062 0.9465;
             -0.291 0.985;
             -0.2471 0.9987;
             -0.1962 1.0317;
             -0.1557 1.0958;
             -0.1401 1.1694;
             -0.1111 1.2876;
             -0.1022 1.3701;
             -0.1067 1.4615;
             -0.1401 1.3255;
             -0.1713 1.2341;
             -0.2695 1.0936;
             -0.352 1.0155;
             -0.4479 0.9865;
             -0.5304 0.9955;
             -0.6 1.0;
             -0.6708 1.0267;
             -0.7244 1.0534;
             -0.7757 1.0913;
             -0.8403 1.156;
             -0.8738 1.2118;
             -0.9005 1.2987;
             -0.9184 1.4191;
             -0.8872 1.5039;
             -0.847 1.6399;
             -0.7667 1.7269;
             -0.7333 1.8473;
             -0.6798 1.9744;
             -0.6262 2.0926;
             -0.5549 2.184;
             -0.4635 2.2442;
             -0.3319 2.2933;
             -0.2159 2.3067;
             -0.1223 2.3111;
             -0.0264 2.3245;
             0.0472 2.3156;
             0.1431 2.3156;
             0.2568 2.3156;
             0.3549 2.2977;
             0.3928 2.2911;
             0.4709 2.2955;
             0.5422 2.2665;
             0.6025 2.2509;
             0.6493 2.2197;
             0.6894 2.1299;
             0.7385 2.155;
             0.7742 2.1193;
             0.8143 2.0681;
             0.8411 2.0391;
             0.8812 1.9722;
             0.8901 1.9231;
             0.9191 1.8607;
             0.9552 1.7818;
             0.9581 1.7325;
             0.9852 1.562;
             0.7091 1.3782;
             0.7413 1.353;
             0.761 1.3006;
             0.7588 1.2482;
             0.702 1.2482;
             0.6017 1.2482;
             0.5035 1.2504;
             0.4162 1.2723;
             0.3529 1.2984;
             0.3092 1.3093;
             0.3485 1.3814;
             0.4291 1.4309;
             0.5044 1.4339;
             0.5601 1.4279;
             0.6203 1.4173;
             0.6674 1.3999;
             0.7512 1.3249;
             0.7671 1.2852;
             0.7424 1.2516;
             0.65 1.25;
             0.5659 1.2499;
             0.4609 1.2613;
             0.3762 1.2904;
             0.3321 1.301;
             0.258 1.3257;
             0.1871 1.456;
             0.171 1.5086;
             0.0516 1.5322;
             -0.1 1.5;
             -0.1172 1.4757;
             -0.1919 1.4415;
             -0.1605 1.3969;
             -0.1677 1.374;
             -0.175 1.3439;
             -0.2136 1.3342;
             -0.2582 1.3282;
             -0.3257 1.3258;
             -0.4004 1.3173;
             -0.445 1.327;
             -0.4812 1.3366;
             -0.5342 1.3547;
             -0.58 1.3607;
             -0.6186 1.3764;
             -0.5825 1.4138;
             -0.5246 1.4548;
             -0.4764 1.4704;
             -0.4306 1.4765;
             -0.3888 1.4866;
             -0.3578 1.4819;
             -0.3352 1.4754;
             -0.3032 1.4706;
             -0.2854 1.465;
             -0.25 1.45;
             -0.2157 1.4443;
             -0.1094 1.4424;
             -0.1339 1.5638;
             -0.243 1.6795;
             -0.7 1.7;
             -0.8027 1.6635;
             -0.8582 1.6183;
             -0.8874 1.5384;
             -0.9006 1.4584;
             -0.926 1.4368;
             -0.9485 1.4236;
             -0.9504 1.3803;
             -0.9438 1.3399;
             -0.9457 1.2844;
             -0.9598 1.2242;
             -0.9796 1.164;
             -0.9845 1.0856;
             -1.0 1.0;
             -0.9992 0.914;
             -1.0 0.8;
             -1.0018 0.7442;
